trial_type.viscontrol	trial_type.visaffix	trial_type.visroot	trans_x	trans_y	trans_z	rot_x	rot_y	rot_z	a_comp_cor_00	a_comp_cor_01	a_comp_cor_02	a_comp_cor_03	a_comp_cor_04	cosine00	cosine01	cosine02	cosine03	cosine04	intercept
-5.96463639004908e-06	-7.134354928262379e-16	-2.349665701636802e-10	0.2818609809226448	0.0829760780729282	1.0115571589944028	-0.017518890891768	-0.0010347115690934	0.0029831750265869	-0.0523634610000001	-0.0080636268000007	0.1589385589000028	-0.1009062530000012	0.027505123100001	0.0955612383000015	0.0955538639000011	0.0955415737000023	0.0955243683000013	0.0955022485000014	1
1.3581998992314974e-05	-1.949243350443284e-16	5.379471739221955e-10	0.2304331265622189	0.0822065266890896	0.9614355842930116	-0.0154175336963883	-0.0017840797425624	0.0023318923160206	-0.0597449508000004	-0.0139655831000004	0.1827735283000033	-0.0733297753000007	0.022731662600001	0.0955415737000007	0.0954752155000008	0.095364652700002	0.0952099364000013	0.0950111383000016	1
-2.9485424447605792e-05	-9.247262933146028e-16	-1.1757514817828463e-09	0.1927041238229628	0.0309116942597972	0.2528605556234099	-0.008668818217927	-0.001235149691783	0.0021051908720821	-0.0215173984000003	-0.0146464992	0.047898578800001	0.0125627073000007	-0.0114330969999998	0.0955022485000011	0.0953179834000009	0.0950111383000021	0.0945821078000017	0.0940314435000012	1
5.935055063773425e-05	-1.0375232002978068e-15	2.399119442410593e-09	0.1825741065089943	0.1087318362488908	0.2355485209300037	-0.0087611011535237	-0.0008268227115493	0.0024669281804736	-0.0017644207999988	-0.0266981050999998	0.0358897996000008	0.043059181800002	-0.0515010678000004	0.0954432708000026	0.0950822971000009	0.0944816852000014	0.0936429488000006	0.0925682019000017	1
-9.778638857506046e-05	-8.811117222783518e-16	-4.3495848403819815e-09	0.1910421752745321	0.1273875304832603	0.3240326188371636	-0.0088620513948625	-0.0011809073874132	0.0026818229821569	-0.0120952338999994	-0.0592036820000004	0.0486919198000012	0.0128629232000012	-0.0553727787000004	0.0953646527000022	0.0947683504000008	0.0937772737000017	0.092395551000001	0.0906289382000015	1
0.0001091929361954	-9.51053319603471e-16	6.015571461219848e-09	0.2095414403260923	0.0831165329147421	0.2597256517751105	-0.0062006499816781	-0.0016927008914408	0.0034447975057816	-0.0062723020999999	-0.0529292141000006	0.0238308628000007	-0.0289170154	-0.0169411255	0.0952664105000018	0.0943764019000012	0.092899208300002	0.0908440203000015	0.0882236248000011	1
-0.0003135868917372	-9.61062980691757e-16	-1.1083369206794694e-09	0.1725064045051137	0.1031830900164566	0.1572779042985203	-0.002220962439359	-0.0013500408982559	0.0022850076604582	-0.0083983710000002	-0.0524851059000003	-0.0556347675000005	-0.0789700665000012	0.0709865455000017	0.095148564200001	0.0939067741000009	0.0918491150000014	0.0889934638000015	0.0853646308000013	1
0.0218099962710693	-1.1027802916938306e-15	-3.624469450948692e-08	0.1831646596403397	0.1411688245023573	0.2457612319033399	-0.0055786780816763	-0.0019348259535287	0.0024401272182741	0.0007508422999999	-0.0480324321000002	0.0204531018000008	-0.067635764500001	0.0184755099000007	0.0950111383000016	0.0933598536000011	0.0906289382000015	0.0868499729000012	0.0820666583000014	1
0.2633463207775396	-4.522230989285971e-16	1.97612594919108e-07	0.1762677509076841	0.086791296404966	0.3453452400004796	-0.0071018031948974	-0.0018099291930481	0.0025076106195264	-0.0097194986999997	-0.0681359263000013	0.0804557029000015	-0.0014956911999993	-0.0673305000000011	0.0948541610000015	0.0927360906000007	0.0892409375000021	0.0844206031000012	0.0783466667000012	1
0.6745824132376158	-1.518111187464297e-15	-7.817929389549388e-07	0.1192325642111309	0.1107667133161935	0.2827167502950331	-0.0039988335964801	-0.0002483658626593	0.0014330054175789	-0.0105833565000009	-0.0789988215000018	0.0300620782000004	-0.1013942976000023	0.0093166819000001	0.0946776644999998	0.0920359983000012	0.087687683200002	0.081713351000002	0.0742237856000012	1
0.975837111646532	3.6002179242013504e-15	2.7137346563923426e-06	0.0787144936154071	0.1105511810797974	0.2100592860397045	-0.004002840644036	-0.0003369901304675	0.000993329575099	-0.0026922979000001	-0.0755617151000021	-0.0044744405000006	-0.0773983771000017	0.0707654655000015	0.0944816851999999	0.0912601531000013	0.0859720514000017	0.0787371281000016	0.0697192167000018	1
1.1129035170166637	-1.2678101725378416e-14	-8.748696268194123e-06	0.0591712899478825	0.1605029487877505	0.1510023659826586	-0.0023520075288769	6.162090224815108e-06	0.0002870077543984	0.0082734281000002	-0.0672459230000017	0.0213598336999997	-0.0430180551000009	0.0400062662000008	0.0942662634000002	0.0904091936000013	0.0840972192000014	0.0755017308000013	0.064856124100002	1
1.1447259515137411	3.8458431681494765e-14	2.6814180685414087e-05	0.0514399733250871	0.2178580739767987	0.1745046088904966	-0.0032239804303159	-0.0001385588023317	0.0003462782126341	-0.0078336809999996	-0.0718083089000014	0.0262820091999999	0.0184142450000004	-0.0373198999000007	0.0940314435000008	0.0894838202000013	0.0820666583000011	0.0720178090000011	0.059659515700002	1
1.1257919341856542	-1.1563080085842313e-13	-7.932395899343294e-05	0.0695628975140314	0.2190309174487053	0.0319671710525378	-0.0024059818874108	-5.743347421326884e-05	0.000775930979717	0.0127002339000004	-0.0137535136000001	0.0121182363999997	0.0305191104000006	-0.0593362836000013	0.0937772737000013	0.0884847944000014	0.079884128800001	0.068296830600001	0.0541561147000018	1
1.089246714093364	3.333779502899756e-13	0.0002292687179548	0.0649627287803287	0.243146508332714	-0.0375746027325527	-0.0020082477908569	-0.0005289624773971	0.0009579704233638	0.0232508959000006	0.0055052882000006	0.0234432390000001	0.052512687500001	-0.093437042600002	0.0935038064000017	0.0874129386000015	0.0775536723000008	0.0643510435000009	0.0483742215000015	1
1.0554533885357045	-9.416156190114857e-13	-0.0006246571748234	0.0274103298113867	0.1787982561161522	-0.0744590886570127	-0.0001988634703249	-0.0008989195795204	-0.0008090896374974	0.0264951079000007	0.0376219303000011	-0.032435057800001	0.043237743300001	-0.0432929834000009	0.0932110979000009	0.0862691351000011	0.0750796043000005	0.0601934360000006	0.0423435691000019	1
1.0281138210811902	2.5968523068267784e-12	0.0014983226355847	0.0663873602548067	0.1732372715942736	-0.0399668149380025	-0.0002241024170551	0.0008289725128499	0.0002465930324701	0.0217301500000005	0.0154176161000002	-0.0547609330000014	-0.0291818350000004	0.1000307794000019	0.0928992083000009	0.0850543252000012	0.0724665061000007	0.0558376933000007	0.0360951694000016	1
1.015441009881263	-7.025068095762414e-12	-0.0011347453651192	0.0808598078869938	0.1933705274101522	-0.0628472383365213	-0.0008790046915488	6.093216404799742e-05	0.0001540266379313	0.0224814919000002	0.0304941126000007	-0.0521891532000013	-0.0321350563000006	0.0781809660000014	0.092568201900001	0.0837695089000012	0.0697192167000007	0.0512981531000007	0.0296611541000012	1
0.8890445245992765	1.8636814789517185e-11	0.1171970514256284	0.0244975829305625	0.1561752362555347	-0.0826057033832843	-0.0002169864569031	6.104772023006688e-05	-0.0004399932876319	0.0322590698000008	0.0521823638000012	-0.0639731842000015	-0.0106430577	0.0735775557000015	0.0922181468000003	0.082415743500001	0.0668428233000003	0.0465897578000002	0.0230746094000016	1
0.5147955507345416	-4.850922692338506e-11	0.4876588200745437	-0.0263343709787044	0.0857177583352342	-0.0172666676207783	0.0001807004826549	0.0004534204867905	-0.0008840414794897	0.033173008300001	0.0356958771000008	-0.0145094435000004	0.0451418213000009	-0.064619312600001	0.0918491149999993	0.0809941435000008	0.0638426524000003	0.0417280058	0.0163694060000015	1
0.1394929479153099	1.2378776455936548e-10	0.861350551004877	-0.0020750003692614	0.050840868080682	0.0133788216042443	-0.0001322633742031	0.0006370493044582	-0.0007429576931098	0.0073700406999998	0.0134036220000001	-0.0175681577000001	0.0344760674	-0.0925930372000017	0.0914611823999987	0.079505878900001	0.0607242596000008	0.0367289002000006	0.0095800247000007	1
-0.0673369423250175	-3.092227319691128e-10	1.0675435273835847	0.0020870072257516	0.076216695878982	0.0092399081425847	-0.000269900738908	0.0004810554189118	-0.0004129347796221	0.0136055226000002	0.0033593050999998	-0.0478894553000005	-0.0279685982000012	0.0559274899000014	0.0910544288999987	0.0779521747000011	0.0574934194000004	0.0316088963000002	0.0027413792000008	1
-0.1393651710827737	7.541303595716083e-10	1.1393692876840555	0.0399938684479352	0.104225163025872	-0.0825900256611666	-0.0004040010475413	6.0992396141715576e-05	3.701227417478005e-05	0.0006234687000004	-0.0027826187000002	-0.0845411965000012	0.0227554362000002	0.0923137215000022	0.0906289382	0.0763343096000012	0.0541561147000003	0.0263848472999998	-0.0041113635999993	1
-0.1380911357227274	-1.787678796588976e-09	1.138091724959915	0.0900307379572343	0.165317091246521	-0.2598713067389068	0.0003491509079618	-0.0005349011807458	0.0005640930586979	0.0228175685000005	0.1073075115000023	-0.0564120103000005	0.0648068598000009	0.0765940736000016	0.0901847978000014	0.0746536153000015	0.0507185253	0.0210739488999999	-0.0109429641999997	1
-0.1065979227560209	4.089201498369369e-09	1.1065976978922305	0.0928113847188136	0.1328538332213746	-0.2333616892504633	0.0004181681663303	-0.0005348682933989	0.0006296116693884	0.0229751508000005	0.0943233812000019	-0.0313614404000001	0.073053010000001	0.0319580780000007	0.0897220992000012	0.0729114752000014	0.0471870168000003	0.0156936827	-0.0177182917000001	1
-0.0696523890670043	-8.926282655129569e-09	1.0696524262378555	0.102903203403414	0.1375602379848138	-0.2049425446891232	0.0004115997872005	-0.0002348250069799	0.0008510482618926	0.0319625926000015	0.0806389474000014	-0.0518327154000007	0.0816995508000018	0.0435378392000011	0.089240937500002	0.0711093231000014	0.0435681289000001	0.0102617583999993	-0.0244025047999999	1
-0.0397548725935102	1.8178339751990948e-08	1.0397548700100587	0.115007405430816	0.1778986354253074	-0.216074020832158	0.0006401177145121	-0.0002481974789453	0.000945579365604	0.0259221260000012	0.0901775423000019	-0.0285873169000002	0.1161945327000024	-0.0310395228000004	0.0887414118000025	0.0692486424000015	0.0398685628	0.0047960561999993	-0.0309612306000002	1
-0.0201726998348196	-3.2834423693802894e-08	1.0201727173157942	0.1208367914879598	0.1880822531810363	-0.1626771770273957	0.0007097879807333	-0.0014888863003332	0.0017290291992513	0.0233128723000006	0.1019291843000023	-0.0104955767999997	0.0993014614000017	-0.0854308716000017	0.0882236248000022	0.0673309646000015	0.0360951694	-0.0006854330000003	-0.0373607416000006	1
-0.0092124426206345	4.493693226452296e-08	1.0092124068714778	0.1357769665268337	0.1569102072505893	-0.1657153479436654	0.0009562290654014	-0.0033086503617852	0.0028560969441774	0.0154946721000002	0.0791820801000016	-0.0291352697000001	0.0799773659000012	-0.0840490068000017	0.087687683200002	0.0653578680000015	0.0322549359000003	-0.0061646659	-0.043568128900001	1
-0.0038032577053628	-5.882746893650175e-09	1.0038032588490102	0.1396584728834683	0.11908680490444	-0.1726705149584315	0.0011949765326405	-0.0031900235345893	0.0024899126750324	0.0160169903999996	0.0917995164000015	-0.0491294285000004	-0.0034771543000008	0.0489904082000008	0.0871336971000011	0.0633309768000014	0.0283549738000003	-0.0116236069999997	-0.0495514717000013	1
-0.0013999265728473	-2.833143192110453e-07	1.001400212085268	0.1567665476227523	0.1067058715029801	-0.1916731724505119	0.0017802944808149	-0.0025992610078385	0.0025268238678964	0.0097802564000003	0.0842324551000012	-0.062213411000001	0.0538445731000009	0.0629273846000012	0.0865617806000019	0.0612519591000014	0.0244025048000003	-0.0170442873000003	-0.0552800014000012	1
-0.0004234301419162	1.525206703471112e-06	1.0004219038779811	0.1510421774141554	0.1089454329056409	-0.2563057428920019	0.0013320275426311	-0.0025709395890933	0.0023522191063853	0.004744101599999	0.1124110104000022	0.0095561754000007	0.0824086966000007	-0.0656871489000015	0.0859720514000012	0.0591225262000014	0.0204048480000004	-0.0224088639999994	-0.0607242596000021	1
-5.664054686517941e-05	-6.007869601686257e-06	1.0000626490288138	0.1623715295616398	0.1177914083835233	-0.2122818742138488	0.0012916656821149	-0.002128887327232	0.0025008841995054	0.0003060863999993	0.0706253850000011	-0.0713285269000009	0.0154955053999996	0.0413628087000006	0.0853646308000013	0.0569444308000014	0.0163694060000003	-0.0276996787999999	-0.0658562496000019	1
4.892518222910871e-06	2.080699271565773e-05	0.9999742995347116	0.1495271627907046	0.1381272232923995	-0.1437801567189519	0.0012581095997414	-0.0023468422355641	0.0026469825011554	0.0329068093000006	0.067078990200001	-0.0409624523000004	-0.0056546616000004	0.0168835631000003	0.0847396439000016	0.0547194656000013	0.0123036517999999	-0.0328993162000006	-0.0706495810000014	1
-1.737600351523173e-06	-6.715114870648519e-05	1.0000688912848334	0.1572764218767454	0.1515038690033477	0.0134874188483229	3.3069840364167595e-05	-0.0019469547196647	0.0031530398617053	-0.0318313657	-0.0250795264000009	-0.0414644189000006	0.0740037960000015	-0.0408272928000005	0.084097219200002	0.0524494619000012	0.0082151139000002	-0.0379906609000009	-0.0750796043000018	1
7.043002026608422e-07	0.0002078409658048	0.9997914470268986	0.1367850098329342	0.185055964001391	0.3341795385628313	-0.0020778928819738	-0.0017376292422524	0.0030067071564966	-0.0777222765000018	-0.1627208721000037	-0.0017215931999994	-0.0443217088000016	-0.0110587579999998	0.0834374889	0.0501362882000011	0.0041113636000003	-0.0429569540000005	-0.0791235388000021	1
-2.792267437802837e-07	-0.0005950443955954	1.00059534638587	0.1326772116125169	0.151632440639871	0.2272646003520105	-0.0004966844426776	-0.0020837987723491	0.003183987038494	0.014325101900001	-0.067580429100002	-0.0030669189999998	-0.0885374896000019	0.0380580649000012	0.0827605889000009	0.047781848300001	-2.0421796474782135e-16	-0.0477818483000015	-0.0827605889000013	1
1.0710584012902909e-07	0.0014337870631529	0.9985660401169796	0.1207941871286238	0.1259779944643907	0.1813565620215722	-0.0001268294446649	-0.0016487114216412	0.003239906467964	-0.0228047601000004	-0.0960780988000024	0.0213000766000008	-0.025225640300001	-0.0698427251000011	0.0820666583000001	0.0453880801000009	-0.0041113635999998	-0.0524494619000008	-0.085972051400002	1
-4.185228102641319e-08	0.000707118618944	0.999293108135636	0.1011837806392175	0.093227674417575	0.032050552239719	0.0001212319764049	-0.001667807216506	0.0032761137161084	-0.0007788530000003	-0.0156063920000006	-0.0085531564999997	-0.0295054268000012	-0.054802298100001	0.0813558399999997	0.0429569540000008	-0.0082151139000001	-0.0569444308000008	-0.0887414118000019	1
1.980231144372839e-08	0.1419571092013094	0.8580423616091001	0.0931753782710549	0.1196812378972382	-0.0348085473570924	0.0003469557861062	-0.0019989928061415	0.002955855821372	-0.0138640393000004	-0.0180823449000006	-0.0632687681000008	-0.0453352014000012	0.0856599747000019	0.0806282802999998	0.0404904708000006	-0.0123036518000006	-0.0612519591000013	-0.0910544289000017	1
-1.7482353764276492e-08	0.5263555193233842	0.4736458733796342	0.0766864258419973	0.1446064698219506	-0.0837724180573979	0.001403832413267	-0.0020780932770583	0.0027229618208181	0.0079032583000003	0.0298279222000007	-0.0290469852000003	0.0083525188000002	-0.0129848355	0.0798841288000006	0.0379906609000005	-0.0163694060000008	-0.0653578680000017	-0.0928992083000013	1
2.9205315360793284e-08	0.8873065354305941	0.1126897928720518	0.0729194303623038	0.1341995683111311	-0.0720316443858214	0.0013129978883373	-0.0014982550511278	0.0026619916999957	-0.0026975728999996	-0.0077892817999999	-0.0011827249000001	0.0605941797000017	-0.1084778205000019	0.0791235388000009	0.0354595815000004	-0.0204048480000004	-0.0692486424000018	-0.0942662634000016	1
-5.8236413660893595e-08	1.078653541240867	-0.078644018796434	0.0865230522102669	0.1270059845982407	-0.302554886129263	0.0058419518964794	-0.0011790837298183	0.0032289801136829	0.0188487248000002	0.0763475302000019	0.0110479990000001	0.0828892672000021	-0.0786206416000016	0.0783466667000014	0.0328993162000005	-0.0244025048000004	-0.0729114752000014	-0.095148564200002	1
1.105496043276545e-07	1.1414376127636312	-0.1414618333136982	0.0802764188550631	0.1247994053449439	-0.303562464288708	0.0062683272071965	-0.0010620849595357	0.0033268663213248	0.0074231043	0.0654771634000016	-0.0162442540000004	0.0550043535000016	0.0165486765000003	0.077553672300001	0.0303119720000003	-0.0283549738000005	-0.0763343096000016	-0.0955415737000018	1
-1.7515898080016896e-07	1.1360525899442555	-0.135992249435939	0.0795491231641831	0.1703586282417997	-0.2059554348108799	0.0054476307757663	-0.0011642644559742	0.0035792059465167	0.0121705166000004	0.0481153626000012	-0.0650335979000013	-0.0188746811999997	0.0844667245000019	0.076744719000001	0.0276996788000002	-0.032254935900001	-0.0795058789000021	-0.0954432708000012	1
1.453635721658675e-07	1.1030418131413544	-0.1031884881783622	0.0930663768553461	0.1403895662274401	-0.2249900678433415	0.0058216894386504	-0.0011623553668764	0.0036619273727542	0.0046484642000001	0.0592729944000013	-0.0326671794000007	0.0084761497000006	0.0679581890000014	0.075919973100001	0.0250645864000002	-0.0360951694000008	-0.0824157435000019	-0.0948541610000015	1
4.629710731499485e-07	1.0668662312673	-0.066531295976434	0.0671728178343032	0.1114582989322335	-0.2383389090051985	0.0060301428250444	-0.0014129918120043	0.0036578032494361	0.0125926996000005	0.0853813530000019	0.0002364054999997	0.0648695938000019	-0.0285991574000004	0.0750796043000007	0.022408864	-0.039868562800001	-0.0850543252000021	-0.0937772737000013	1
-3.418830603551109e-06	1.03683434583271	-0.0375447619136666	0.0531612856006362	0.1457430039136359	0.0526953272024665	0.0068020063469811	-0.0014163640040352	0.003427867755988	-0.039553401800001	-0.0760292014000011	0.0604287915000012	0.0282657468000006	-0.1308396526000024	0.0742237855999995	0.0197346972999999	-0.0435681289000006	-0.0874129386000016	-0.0922181468000018	1
1.4658161035517484e-05	1.0205152434115072	-0.0188608962906904	0.0759442106882474	0.2323238018275468	0.256925276252555	0.0095610542542037	-0.0008163841372863	0.00337498953978	-0.0210642727999987	-0.157074918600003	0.0494933516000007	0.001084481900001	-0.1069541913000014	0.0733526932000014	0.0170442873000001	-0.047187016800001	-0.0894838202000032	-0.0901847978000008	1
-5.3037695493920885e-05	0.9646614624624656	-0.0085344811824772	0.0853651407108616	0.1514733400113062	0.1623403431485809	0.00856027497475	-0.001200768965241	0.0035647110025196	-0.0322053065000003	-0.0764099777000014	0.0055933949999999	-0.0287272134000002	-0.1028267809000017	0.0724665061000001	0.0143398485	-0.0507185253000008	-0.0912601531000021	-0.0876876832000013	1
0.0001778267557642	0.6685895742163642	-0.0034902164740912	0.0873212537882306	0.1246221604393002	0.0459308986677295	0.0078950940951184	-0.0010906742724504	0.0036343686251	-0.0270710153000007	-0.0694308387000009	-0.0298604577000002	-0.0744990109000012	-0.0047033103999997	0.0715654068999994	0.0116236069999996	-0.0541561147000012	-0.0927360906000021	-0.0847396439000013	1
-0.0005365784735575	0.2586480738531836	-0.0012689179960329	0.2037132532133083	0.1021139157146093	0.0781111314648607	0.0059621923084125	-0.0022801546453924	0.0075129408156766	-0.0313715842000009	-0.0692016504000009	-0.0433564210000003	-0.1153630475000019	0.0414530446000011	0.0706495810000004	0.0088977981999996	-0.0574934194000009	-0.0939067741000018	-0.081355840000002	1
0.0012919111612296	-0.0112100675283372	-0.000371990783038	0.3111082835651201	0.1912115314778041	0.0312182977343646	0.0069789206998806	-0.0025129092730158	0.0100840915280888	-0.0159812956999999	-0.0767963576000008	-0.0523283183000003	-0.102196724800001	0.0380699056000011	0.069719216700003	0.0061646658999998	-0.0607242596000012	-0.0947683504000024	-0.0775536723000021	1
0.0027115421995354	-0.1246201687477333	-4.148157420102096e-05	0.3382215843748089	0.1403751171122268	0.0179302402071025	0.0062453800661432	-0.0018931620371771	0.0102171969174104	-0.0193480261000002	-0.0631809404000006	-0.0486331569000002	-0.101318423100001	0.0372505693000011	0.0687745056000028	0.0034264594999997	-0.063842652400001	-0.0953179834000021	-0.0733526932000024	1
0.1611377784157708	-0.1438211042964236	3.880124373667604e-06	0.3690966210933653	0.043329772205096	-0.2834657623504365	0.0061539638703139	-0.0005668581165974	0.0098014617955307	-0.0105969931000016	0.0245559193000007	-0.0195682286999997	-0.0728696344000013	0.0434935471000006	0.0678156420000021	0.0006854329999999	-0.0668428233000003	-0.0955538639000005	-0.0687745056000034	1
0.5537790531088754	-0.1196767407151804	-1.3669273474713687e-06	0.2894870923295809	0.2074639310430653	-0.3330131402193417	0.0089301038231243	0.0007178232786095	0.0073460085863171	0.0040960286999993	0.0695107459000023	0.0517276721000015	0.0262235941000006	-0.0455412564000011	0.0668428233000029	-0.0020561578	-0.0697192167000014	-0.0954752155000014	-0.063842652400002	1
0.9049476573984434	-0.0826775253257708	5.744163820376658e-07	0.2488068788674284	0.1387290341714749	-0.2877093964689035	0.0071558392825369	0.0016650849342987	0.0057436526303077	-0.0006524321000009	0.0398911580000008	0.0623102711000011	0.0105557282	-0.0540239932000014	0.0658562496000014	-0.0047960561999999	-0.072466506100001	-0.0950822971000009	-0.0585824951000018	1
1.08596746079396	-0.0494530015622717	-2.3790577753915455e-07	0.2526778321317399	0.1061216780693124	-0.2027075964063892	0.0059307076136584	0.0012243548015709	0.0063509694835426	-0.0134284802000006	-0.0026995590000007	0.0037278152999993	-0.0121243591000002	-0.0246237677000008	0.0648561241000014	-0.0075320069999999	-0.0750796043000008	-0.094376401900001	-0.0530210836000013	1
1.1426076916673795	-0.026112787922338	9.525972519081837e-08	0.2606059945186289	0.1653918248217949	-0.2087700699254978	0.006911079330246	0.0005901127726991	0.0069746051179115	-0.0253665835000011	-0.0023717167000006	-0.0119295637000008	-0.0476566629000011	0.0637658553000008	0.0638426524000014	-0.0102617583999998	-0.077553672300001	-0.093359853600001	-0.0471870168000012	1
1.1344331070111655	-0.0124597033540541	-3.924901547276021e-08	0.2511027451161156	0.1053013874468555	-0.2086427381529086	0.0061962764652569	0.000874077458654	0.006474899836276	-0.0111148218000006	0.0109945577999992	-0.0032778058000008	-0.0619391600000013	0.1007230039000016	0.0628160431000009	-0.0129830636	-0.079884128800001	-0.0920359983000011	-0.0411102958000008	1
1.1005628888534509	-0.0051329993782895	2.0715341719724607e-08	0.2516941659821454	0.1009158260940075	-0.1906314038810047	0.0053340953049104	0.0007619460199263	0.0065360652846783	-0.0116225994000003	-0.0336328596000017	-0.0138658870000011	-0.0689847123000013	0.0962869907000016	0.0617765075000009	-0.0156936827000001	-0.082066658300001	-0.0904091936000012	-0.0348221695000006	1
1.0647642307003458	-0.0024606890906092	-2.1946800137296203e-08	0.2464013987951445	0.0866542892997992	-0.2865993376920009	0.0061531882631292	0.0001209350761866	0.0069662464485831	-0.0044458719	0.000638253499999	-0.0152899388000012	-0.0322528683000003	0.1013524742000017	0.0607242596000011	-0.0183913846000003	-0.0840972192000013	-0.0884847944000014	-0.0283549738000003	1
1.0350996343614047	0.0002449651608425	4.2077028147701876e-08	0.2141130034236345	0.1201534146628645	-0.2846582269382108	0.0064231016964121	0.0001610757733726	0.0062500853005119	0.0095696804000006	0.0074558539999996	0.0039993881999991	-0.0078613576999996	0.058416975300001	0.0596595157000012	-0.0210739489000005	-0.0859720514000018	-0.086269135100002	-0.0217419656999996	1
1.0200015876945656	-0.0021775229476992	-9.400876617197548e-08	0.194549783450697	0.0978211246438418	-0.2150591411929859	0.0071412910073693	-0.0005203773676536	0.0063389838601229	-0.0053444353999999	-0.0131044139000006	0.0565011663000002	0.0372643767000009	-0.0952187405000021	0.0585824951000006	-0.0237391677000006	-0.0876876832000017	-0.0837695089000015	-0.0150171518999998	1
0.9540276506911178	0.054052811963425	2.0822457358412762e-07	0.1840949811487604	0.0852768805350177	-0.2794862734845704	0.0071213692409223	-0.0002410318120877	0.0061709751488901	-0.0089618246000005	-0.0030212363000002	0.0534341406000003	0.0181700027000002	-0.0536594377000013	0.0574934193999998	-0.0263848473000007	-0.0892409375000017	-0.0809941435000012	-0.0082151138999998	1
0.6416863263742221	0.3615929349962415	-4.3702591053831297e-07	0.2131320583274744	0.0887977869397626	-0.280340278134778	0.0072839487161988	-0.0001041474498341	0.0060009970548476	-0.0185768385000011	-0.0060162881000005	0.0179409437999998	-0.0532358584000015	0.0833894708000013	0.0563925125999997	-0.0290088101000006	-0.0906289382000014	-0.0779521747000008	-0.0013708305999999	1
0.2355491272934726	0.7656324582125381	8.344847925194069e-07	0.2140652980974521	0.1080254590102059	-0.4001935081007478	0.0079934140702495	-0.0002339099802276	0.0064040831870372	-0.021465620500001	0.0320168881000004	0.0293332470000002	-0.0068174949000004	0.1273004263000023	0.0552800014000002	-0.0316088963000006	-0.0918491150000015	-0.0746536153000009	0.0054805020000002	1
-0.0227400101801016	1.023078900477237	-1.3153677695756563e-06	0.1955610972518821	0.1267206464036681	-0.3744120906422434	0.0076489652013753	-0.0004478361726825	0.0059283326087309	-0.0148841837000007	0.0209862083000005	0.0550515066000008	0.0141079957999999	0.0461449659000008	0.0541561147000002	-0.0341829659000006	-0.0928992083000016	-0.071109323100001	0.0123036518000004	1
-0.1280944777976479	1.128125604690993	1.054978525000054e-06	0.2141303530434723	0.1433938105170674	-0.4027368631198895	0.0079929481143753	-0.0004014319614121	0.0064007499734655	0.0033798632000003	0.0196533855000004	0.0645960628000009	0.0401994980000009	0.0340856409000007	0.0530210836000012	-0.0367289002000006	-0.0937772737000017	-0.0673309646000015	0.0190635313000008	1
-0.1431539881455545	1.143147263221703	3.659946378305093e-06	0.2140060866768606	0.1269921563203543	-0.4363101121419162	0.0090449024702027	-0.0006429804649393	0.0067530972312239	-0.0009972197	0.0265589962000006	0.1060611739000016	0.0843252833000015	-0.048256318600001	0.051875141900001	-0.0392446037000006	-0.0944816852000015	-0.063330976800001	0.0257253786000005	1
-0.117418959537175	1.117446621695826	-2.658644869916105e-05	0.2385394510005058	0.0995891479660842	-0.3376101964071749	0.0080322109356112	-1.3031167036810386e-05	0.0064662058792548	-0.0048933956000006	0.0147369819	0.0559319798000006	-0.0102038452000006	0.0187698795000001	0.0507185253000004	-0.0417280058000005	-0.0950111383000012	-0.0591225262000005	0.0322549359000006	1
-0.0802889848099007	1.0801713357480496	0.0001171778601938	0.251322934091107	0.0996306251936814	-0.2430241102842154	0.0074279118828891	-0.0002370257884677	0.0064570166269354	-0.0062756830999999	-0.0231248834000011	0.0138006788999995	-0.0493263573000009	0.1056338051000021	0.0495514717000006	-0.0441770624000006	-0.0953646527000012	-0.054719465600001	0.0386186257000011	1
-0.0476057951078662	1.0480103375565528	-0.0004043275128859	0.2630605834059881	0.1238992441402177	-0.3032345657301986	0.0077019640395299	-0.0002321237227857	0.0068510477406459	-0.0184183129000007	-0.0092031664000006	0.0104689476999996	-0.035313626600001	0.0902817206000016	0.0483742215000006	-0.0465897578000006	-0.0955415737000012	-0.0501362882000005	0.044783723200001	1
-0.0249819078644384	1.0240218064068762	0.0009599702303888	0.2200646810331212	0.1657919923142394	-0.2473465379563381	0.0057327661985826	-0.0002538697870153	0.0054548009114845	-0.0113740654000002	-0.0005626845999999	0.0557280249000006	0.0023233050999998	-0.0015230099000001	0.0471870168000004	-0.0489641061000009	-0.0955415737000018	-0.0453880801000009	0.0507185253000015	1
-0.0117617664932943	1.0050987389396735	0.0066632153412328	0.2162451637438489	0.110094177708318	-0.2464771985288702	0.0062148054820412	-0.0002492940642828	0.0056998641463609	-0.0087939315000004	-0.0171506179000004	0.0842618445000011	0.0267189373000002	-0.0770072665000017	0.0459901019999999	-0.051298153100001	-0.0953646527000014	-0.0404904708000004	0.0563925126000014	1
-0.0050056147153394	0.814987069357968	0.1900180646276092	0.2133290966407482	0.1031677527599427	-0.288557374919881	0.0063579610014585	-0.0001169812122508	0.0061409769350215	-0.0044201261999994	-0.0167376167000005	0.0653100016000005	0.0781477471000017	-0.054550825900001	0.0447837232000005	-0.0535899776000011	-0.0950111383000017	-0.035459581500001	0.0617765075000019	1
-0.0019129644733583	0.4102599705306875	0.5916543653466165	0.2343794696883776	0.1061236276274385	-0.2949784884987336	0.0058041664383033	0.0001329982683283	0.0063732117197956	-0.0037345875999997	-0.0256001968000008	0.0570688977000006	0.0722684377000011	-0.0891016763000018	0.0435681289000003	-0.0558376933000009	-0.0944816852000017	-0.0303119720000007	0.0668428233000019	1
-0.0006263748201206	0.0723505621249993	0.9282719244605816	0.2257353352436121	0.1498557457866801	-0.3231510330029213	0.0062458320002823	-0.0002478691136584	0.0059678654510524	-0.0051968471000003	-0.0185207863000003	0.052200288200001	0.0410347861999998	-0.0559635771000011	0.0423435690999997	-0.0580394502000009	-0.0937772737000022	-0.0250645864000004	0.071565406900002	1
-0.0001253830170245	-0.0951301761974853	1.095266362108352	0.2304069130889837	0.1723868496520988	-0.3006074802608422	0.0062498098671873	-0.0002489944411124	0.0057638636487572	0.0101853151000002	-0.0147619736000002	0.0601356476000012	0.0370186683999997	-0.0639994264000012	0.0411102957999999	-0.060193436000001	-0.0928992083000024	-0.0197346973000006	0.0759199731000023	1
4.620576056214401e-06	-0.1438165937204527	1.1437825603986584	0.2284090035293357	0.075461782482874	-0.3082996402111231	0.0067288764555865	-0.00024308898956	0.0062169243604834	0.0131231633000004	-0.0176883222000008	0.0477058369000007	0.0378248498999999	-0.0194506165000003	0.0398685627999993	-0.0622978778000011	-0.091849115000002	-0.0143398485000004	0.0798841288000023	1
-2.045258956364317e-06	-0.1319144315916155	1.131995092040594	0.2139155401021916	0.135288363070301	-0.3297647311834794	0.0069023924221093	-0.0002410726389611	0.0063549519816695	0.0114792071000006	0.0139499576000002	0.0628278826000011	0.089248729500001	-0.0625671291000011	0.0386186256999997	-0.0643510435000012	-0.0906289382000024	-0.0088977982000006	0.0834374889000026	1
7.762742618637532e-07	-0.0972947402960044	1.0970877632281313	0.2168429863768312	0.1654562956148302	-0.0703145386354769	0.0050228331618549	7.915645252141117e-05	0.005835873172096	-0.0040331302999999	-0.0729856424000016	-0.0066076001000001	-0.0384068580000017	-0.0458528109000008	0.0373607415999989	-0.0663512432000012	-0.0892409375000023	-0.0034264595000004	0.0865617806000028	1
-2.688776878288521e-07	-0.0613521188481641	1.0618668084365483	0.2258950238551866	0.1538422723070729	-0.1601589450619564	0.0058167913473223	0.0004477369094599	0.0057527827890174	0.0111477299000003	-0.0493043221000013	-0.004061227	-0.0491645278000019	0.0392925092000009	0.0360951693999989	-0.0682968306000012	-0.0876876832000022	0.0020561577999996	0.0892409375000028	1
8.655628927396623e-08	-0.0339606406315691	1.0327739617466718	0.2297583407748496	0.1111944922802324	-0.2198663745434342	0.0062680000546117	0.000890269746031	0.0058243003705055	0.0085481209	-0.0088186832000006	-0.0114718268000003	-0.0381376002000017	0.0903315667000018	0.0348221694999986	-0.0701862042000013	-0.085972051400002	0.007532007	0.0914611824000027	1
-2.6486902647191683e-08	-0.0167815691104964	1.0191126155945704	0.2301740790798014	0.1660219502588795	-0.1888192695424546	0.0057978261538103	0.0005989869318397	0.0058568496286144	0.0090734105000001	-0.0144002367000003	0.0319557178000006	0.0215407565999994	-0.049856190000001	0.0335420037999991	-0.0720178090000013	-0.0840972192000021	0.0129830636000001	0.0932110979000027	1
7.48561730046784e-09	-0.0074753562354293	0.9370551216192108	0.2420871167281571	0.1226526318754096	-0.1442832937474545	0.005523020791112	0.0006617224502481	0.0062327641592921	0.0072209831999998	-0.040727040200001	0.0396500915000006	0.0205940778999994	-0.1088066094000022	0.0322549358999988	-0.0737901375000014	-0.0820666583000016	0.0183913846000006	0.0944816852000023	1
-1.8204337674551982e-09	-0.0029460686694451	0.6033514878766628	0.4155178893212532	0.1132276652495516	-0.1780382964461803	0.0052750558984248	-0.000812049257956	0.0107978909481011	0.0146285366999993	-0.0486698188000015	0.0005357555999999	-0.0562529202000019	-0.0603446946000015	0.0309612306000008	-0.075501730800001	-0.0798841288000004	0.0237391677000017	0.0952664105000008	1
2.9270357975221676e-10	-0.0013405220102133	0.2044908344336115	0.4328697418296368	0.0891205172185584	-0.1467880590143459	0.0041046291130278	-0.0004319540195017	0.0114821894276432	0.0250641685000004	-0.0638170016000015	-0.0192747003000005	-0.0410996489000005	-0.0362312133000007	0.0296611541000015	-0.0771511802000015	-0.0775536723000006	0.0290088101000009	0.0955612383000011	1
4.2318282513577216e-11	0.0003351533128476	-0.0377324900141458	0.4257229082022477	0.1607371710599197	-0.1038990248613539	0.0039575988277991	-0.0002559813185278	0.0113863099027915	0.0285934822000005	-0.0658801740000008	-0.0359097381000005	-0.0698428979000009	-0.0153951926000001	0.0283549738000017	-0.0787371281000018	-0.0750796043000011	0.0341829659000006	0.0953646527000013	1
-7.751487803635801e-11	0.0103858831458594	-0.1322913453860575	0.4105552916197877	0.1471503412057147	-0.1272517971304887	0.0040338778845533	-0.0003109226980454	0.0111993985488292	0.0416298216000012	-0.0506415013000004	-0.0513427318000009	-0.0642849014000003	0.0457328457000011	0.0270429587000017	-0.080258269000002	-0.0724665061000013	0.0392446037000002	0.0946776645000017	1
6.439354594647671e-11	0.2119430443621014	-0.1419248219482174	0.3879878918476589	0.1545423943384197	-0.2281818830444899	0.0052280665507797	-0.0002479095205176	0.0111319197376879	0.0445542301000007	-0.0159177629999998	-0.0545122907000009	-0.0616853937000006	0.0783398581000016	0.0257253786000012	-0.081713351000002	-0.0697192167000012	0.0441770624000007	0.0935038064000016	1
-7.465516055947863e-11	0.6182698188714671	-0.1141873171141342	0.4104397111961214	0.1246691956135617	-0.2413701885740433	0.0056258239319654	-0.0004542550925818	0.0114711409224618	0.0344421603000001	0.0103524542999998	-0.0362854118000011	-0.0349154382000005	0.0545167989000008	0.0244025048000013	-0.0831011765000015	-0.0668428233000001	0.0489641061000018	0.091849115000001	1
1.5667431863015259e-10	0.9440700162587712	-0.0769729340690769	0.387165508276498	0.1972940848899741	-0.2090145346482668	0.005999073622006	2.5971235767970237e-05	0.0108252343949537	0.0388273747000003	0.0109364544999998	-0.0138812286000008	0.0181014350000003	-0.0929072907000022	0.0230746094000018	-0.0844206031000011	-0.0638426524000001	0.0535899776000019	0.089722099200001	1
-4.198309797244692e-10	1.1013300146199287	-0.0451158660827275	0.3869104030815032	0.1601138002352352	-0.2145922537501604	0.0061462550655427	-9.801354044023504e-05	0.0108981308953682	0.0346765607000001	0.0127944590999993	-0.0145131364000011	0.0198105460000002	-0.0532910268000016	0.0217419657000015	-0.085670544800001	-0.0607242595999995	0.0580394502000023	0.0871336971000008	1
1.1642451218254083e-09	1.1443232218094614	-0.0233945798890823	0.4049571882866185	0.1648917736148951	-0.2121548059877996	0.0061641910973557	9.619874730408072e-05	0.0114185490996265	0.0438996108000002	0.0037013384999988	-0.059269761800002	-0.0489592371000012	0.0530024839000005	0.0204048480000014	-0.0868499729000009	-0.0574934193999993	0.0622978778000026	0.0840972192000008	1
-3.1912644426311366e-09	1.1301338130304135	-0.011008622991013	0.3670919625173517	0.1503137495125749	-0.2284325432709319	0.007051135012904	0.0004071297208083	0.0103858971519172	0.0469677740000003	0.010577774499999	-0.0665277117000021	-0.0383409136000009	0.0772293053000011	0.0190635313000008	-0.0879579165000011	-0.0541561146999995	0.0663512432000024	0.0806282803000009	1
8.589147149713787e-09	1.0946107051858929	-0.0043840764692979	0.3292609440039214	0.1619404592690457	-0.3023306788652373	0.0074420614061696	0.0003473818818766	0.0096399868107832	0.0586192430000007	0.038694585	-0.065647316000002	0.0049993997	0.0611633229000008	0.0177182917000006	-0.0889934638000014	-0.0507185252999998	0.0701862042000021	0.0767447190000012	1
-2.2685634433418492e-08	1.0598293769476612	-0.002313615496602	0.3342301045578622	0.1690625276846856	-0.3384125263916699	0.0078780227994527	0.0003540232090072	0.0099039292082326	0.0739678775000016	0.0472204868000002	-0.0476236543000017	0.0599191321000017	0.0354267809000004	0.0163694060000014	-0.0899557625000014	-0.0471870167999999	0.0737901375000018	0.0724665061000012	1
5.8782982693829475e-08	1.0312077499210712	0.0007840852377957	0.275399924179269	0.1264726977994124	-0.4062154962679247	0.0082828586062478	0.0005236769999182	0.0092141302398637	0.0791511927000013	0.069615694500001	-0.0107804912000009	0.0991973678000022	-0.0121907401000005	0.0150171519000002	-0.0908440203000018	-0.0435681289	0.0771511802000021	0.0678156420000011	1
-1.493057348884073e-07	1.0182689413326684	-0.0024053867029776	0.252101036694228	0.1370697557606616	-0.386346578167951	0.0082022916350857	0.0003444145936475	0.0083888263288163	0.0785213968000009	0.0829722999000015	0.0212091487999999	0.1248847045000025	-0.088271528800002	0.0136618074999997	-0.0916575064000019	-0.0398685628	0.0802582690000023	0.0628160431000008	1
3.71079088557472e-07	0.9234026424992976	0.0836672604568138	0.2809581305390348	0.1151168943784862	-0.2966001816431344	0.0077331313008303	0.0003473536989108	0.0092694315194985	0.0735210441000002	0.0569914715000007	-0.0228970549000008	0.0545598310000006	-0.0987787101000024	0.0123036517999992	-0.0923955510000018	-0.0360951693999994	0.0831011765000031	0.0574934194000003	1
-8.997700599356871e-07	0.5756468413880335	0.4271736405905473	0.2686987386163091	0.1232939519510815	-0.3134564580476734	0.0076790569071456	-6.59042289695996e-05	0.0094020302805588	0.0684689980000004	0.0415881151000004	-0.0300343975000008	0.0928961560000014	-0.085641994600002	0.0109429641999991	-0.0930575468000018	-0.0322549358999997	0.0856705448000027	0.0518751419000003	1
2.118219138026034e-06	0.1831828356325502	0.8178086728695355	0.249554334600518	0.1548464799339499	-0.3679371826182117	0.00825433448603	-0.0001230573167233	0.0091942925068607	0.0889866357000011	0.0709010664000013	-0.0636063144000011	0.0848082424000011	-0.041077327500001	0.009580024699999	-0.0936429488000019	-0.0283549738000003	0.0879579165000023	0.0459901020000007	1
-4.803039419870079e-06	-0.0477274787103387	1.0479961135668736	0.2499405045731323	0.1482859511152539	-0.3067770930648293	0.0075961532174538	0.0003452522620415	0.0091464433565232	0.0909922406000012	0.0651262527000009	-0.0603112608000009	0.0634540891000006	0.0079659571	0.0082151138999986	-0.0941512753000019	-0.0244025048000003	0.0899557625000023	0.0398685628000006	1
1.034967480637818e-05	-0.1348841129241098	1.1348885174342571	0.2498381566679059	0.1109146917029002	-0.3191862579711169	0.0075121869370022	8.768869540120837e-06	0.0089907153820711	0.1023275359000015	0.0847669795000009	-0.1237336284000023	0.0261369046	0.0906665361000016	0.0068485125999984	-0.094582107800002	-0.0204048480000003	0.0916575064000022	0.0335420038000007	1
-2.066885594937118e-05	-0.1408693972708312	1.1408890414278392	0.2498571448822562	0.1109731508292079	-0.3646586555591311	0.0073450888785484	-0.0004245398065968	0.0088422879737257	0.1030910401000013	0.0723609330000008	-0.0674942847000011	0.0548624028000004	0.0989119424000018	0.0054805019999982	-0.094935091600002	-0.0163694060000001	0.0930575468000024	0.0270429587000003	1
3.575255516992433e-05	-0.1118315917417103	1.111796196122759	0.2489938527918411	0.1332487124954278	-0.4119762861109198	0.0074361457078816	0.0002494081238213	0.0084452911223638	0.1129797116000021	0.1164244034000018	-0.157309579900003	0.0729641865000013	0.0935984796000017	0.004111363599999	-0.095209936400002	-0.0123036518000003	0.0941512753000019	0.0204048480000005	1
-3.681188463464708e-05	-0.0746443010204914	1.074680914785613	0.3416278493088062	0.8956336795109808	1.9993737308237325	0.008327270504274	-0.0032333086402044	0.0095663025265513	-0.5992571687000102	-0.184193474200002	-0.4258068285000077	0.3811786729000089	0.0987634009000029	0.0027413792000017	-0.0954064159000022	-0.0082151139000011	0.0949350915999999	0.0136618075000007	1
-4.059434522959627e-05	-0.0433759462765732	1.0434166432674807	0.5333379715992931	1.0766030594654166	3.12970025865867	0.0155930138173346	-0.0067577534769731	0.0115997757787314	-0.1671722081999996	-0.0078207232	-0.1541598268000026	-0.377422329400007	-0.1300378663000019	0.0013708306000051	-0.0955243683000003	-0.0041113636000016	0.0954064158999985	0.0068485126000032	1
5.1595808671247393e-05	-0.0223618134243018	1.0223101697397654	0.5457552380403023	0.5667762749692417	2.8427081929758344	0.0118244588566598	-0.0061747534784109	0.0105996643601375	-0.1031666240999974	0.0153803483999976	-0.0289221879000021	-0.2143021577000023	-0.1454186117000022	3.8342383601690025e-15	-0.0955636965000009	6.40619366714637e-16	0.0955636964999992	2.0372475277743226e-15	1
0.017190200913701	-0.0103606562584771	0.993170476442789	0.5463850252186283	0.5745031830608265	2.530350913175283	0.0113274692130403	-0.0068398097406487	0.0101773161795637	-0.1365910475000002	0.1488950077000011	-0.0731502332000024	-0.1372939547000017	-0.1956646979000038	-0.0013708305999968	-0.0955243683000008	0.0041113636000007	0.0954064159000007	-0.006848512599999	1
0.2444205955773223	-0.0043396492463851	0.7599190446604933	0.5054041953624177	0.6016700149040443	2.227960726781416	0.0114674922330004	-0.0068349763769101	0.0097612421317409	-0.103300759999999	0.1959585124000026	0.0125503231999991	-0.0536913011999994	-0.0373043420000004	-0.0027413791999963	-0.0954064159000013	0.0082151139	0.0949350915999999	-0.0136618074999987	1
0.654683704974647	-0.0016280539102589	0.346944352625996	0.3886909210634283	0.6325987973816044	1.6922749378447544	0.0160932506529871	-0.0075701599732218	0.006772001178224	-0.1097622185000006	0.0842303188000015	0.0898880738000013	0.0099768098000011	0.0809290507000019	-0.0041113635999981	-0.095209936400002	0.0123036517999998	0.0941512753000005	-0.0204048479999994	1
0.96484059250321	-0.0005097612763397	0.0356691672547512	0.3619521321339078	0.6084764303309387	1.2569334559299494	0.0128760761031009	-0.0105182700638996	0.0061291709061472	-0.0492396399999998	-0.0263562533000003	0.1222455969000022	0.0033316705000008	0.0845768486000019	-0.0054805019999983	-0.0949350916000021	0.016369406	0.0930575468000009	-0.0270429587	1
1.1090057932055173	-9.53539128166439e-05	-0.1089104387295128	0.3937814808932808	0.8334067225428067	1.3059065076867518	0.0124266917208042	-0.0097378824814373	0.007773062031339	-0.0740813670000011	-0.0130981719999988	0.1326304466000031	-0.0208262511	0.0831133412000017	-0.0068485125999972	-0.0945821078000018	0.0204048479999995	0.091657506400001	-0.0335420038000003	1
1.1447048481264384	3.454800079619783e-05	-0.1447393963817269	0.3481808646743891	0.806766100460126	1.1306133172015178	0.0124270731025312	-0.0091060281107856	0.0070930548665657	-0.0386305713000001	-0.0442652724999994	0.1128671147000027	-0.0143821913999997	0.0727883754000016	-0.0082151138999976	-0.094151275300002	0.0244025047999994	0.0899557625000007	-0.0398685628000002	1
1.1273928806467246	-8.478480792590517e-05	-0.1273080957735298	0.2854264226515235	0.8088583525111973	1.0854048251105826	0.0106036826863548	-0.0093197871723728	0.0062562656002629	-0.0376737940000002	-0.0599905211999993	0.1209722867000031	0.0018978131000005	0.0705748122000017	-0.0095800246999986	-0.0936429488000023	0.028354973799999	0.0879579165000005	-0.045990102	1
1.0911606072519158	0.0002331577470647	-0.091393765053382	0.2959524720346974	0.823949012108119	1.1036265209784617	0.0093213252220758	-0.0092402720070369	0.006363383836242	-0.0070084859999987	-0.0445466393999991	0.123369396800003	0.0027602293000009	0.0722619276000019	-0.0109429641999978	-0.0930575468000022	0.0322549358999988	0.0856705447999998	-0.0518751418999997	1
1.0570119505666304	-0.0006188881002444	-0.0563930624759451	0.2745042699877288	0.7423571245684594	0.7951320238175252	0.0086124591631415	-0.0093891793403752	0.0060892126951981	0.0136030824000009	-0.1012387654000003	0.0756827968000021	0.018175309500001	0.0237041855000008	-0.0123036517999985	-0.0923955510000023	0.0360951693999994	0.0831011765000003	-0.0574934194000005	1
1.029166476699712	0.0014750922737387	-0.0306415690044006	0.2697283436175992	0.7650670954938361	0.8026208397081924	0.0106305876357921	-0.0102438940649126	0.0056682900558361	0.0264902292000014	-0.0865413348999999	0.0422926459000015	0.0121084226000009	-0.0229709094000001	-0.0136618074999981	-0.0916575064000022	0.0398685627999993	0.0802582690000001	-0.0628160431000003	1
1.016643870196685	-0.001760187894757	-0.0148836823190793	0.2814838508140121	0.6325439078089103	0.6992919594872073	0.0108267904084294	-0.0106664773283202	0.0058456096712261	0.0089581534999994	-0.1003170022000008	0.0245989984000012	-0.0198464394000004	-0.0277139867000006	-0.0150171518999999	-0.0908440203000022	0.0435681289000004	0.0771511802000016	-0.0678156420000016	1
0.9020661969957738	0.104460031166405	-0.0065262282047377	0.3062242884941778	0.6619043658438825	0.8697603331324428	0.0105337391660468	-0.0107361336053903	0.0062664384649989	0.0084130538000006	-0.0927127083000009	0.0259761862000009	-0.0172266962999997	0.0327442647000009	-0.0163694059999988	-0.0899557625000021	0.0471870168000003	0.0737901375000007	-0.0724665061000012	1
0.5366242631719728	0.4659579255323218	-0.0025821886824849	0.2820533408990255	0.539749519447966	0.6345718870183628	0.0097355447935333	-0.0103332685855856	0.0060096328894709	0.0509785872000014	-0.1124446603000017	0.0018546620000003	-0.0168658627999997	-0.0163992716	-0.0177182916999994	-0.0889934638000021	0.0507185253000009	0.0701862042000009	-0.0767447190000017	1
0.1547346386272368	0.846157352153285	-0.0008919909108879	0.2713211672724041	0.5031791730717713	0.5651476453876637	0.0094215091216426	-0.0083001405091926	0.0054553375340267	0.048460919600001	-0.0851487657000013	-0.075175526000001	-0.0384145093000001	0.0089189645000004	-0.0190635312999999	-0.0879579165000019	0.0541561147000012	0.066351243200001	-0.0806282803000018	1
-0.0606198457376298	1.0608529747425537	-0.0002331287630299	0.2740528325272178	0.538963593830133	0.5409914358443995	0.0076845466612919	-0.0085744304999898	0.0054291490686293	0.0559821460000011	-0.088920082400001	-0.0400629607000001	-0.02660585	-0.0282018028000003	-0.0204048479999996	-0.0868499729000018	0.0574934194000013	0.0622978778000009	-0.0840972192000021	1
-0.1379304217015269	1.1379216725274974	8.748515078704376e-06	0.2725958637767004	0.5623056626441644	0.5994362668481966	0.0072503470862473	-0.0089730515415426	0.005589243720414	0.0313453415000009	-0.0857146277000008	-0.0230005841999998	0.0322307204000013	-0.069720480500001	-0.0217419656999993	-0.0856705448000018	0.0607242596000013	0.0580394502000007	-0.0871336971000022	1
-0.1391597995087872	1.1391964200977625	-3.66191635158894e-05	0.2615700120043833	0.5951536426846656	0.6258892860681818	0.0073603509334068	-0.0082579456464907	0.0051130705537198	0.0230158140999997	-0.0871268256000005	0.0237036460000015	-0.0046885204000001	-0.0828717691000014	-0.0230746094000003	-0.0844206031000018	0.0638426524000013	0.0535899776000012	-0.0897220992000025	1
-0.1084879136226505	1.108409298381347	7.861204404826577e-05	0.2520897968275181	0.6285708253990393	0.5240168235817126	0.0080268200545876	-0.0078743137171585	0.0052207883352172	0.0138789140999988	-0.0728270993999999	-0.0676603430999999	-0.0597943876000016	-0.0117277698000001	-0.0244025048000007	-0.0831011765000017	0.0668428233000012	0.0489641061000015	-0.0918491150000026	1
-0.0714245993243085	1.0715729048638123	-0.0001482991338703	0.2213203008044041	0.8166121752862131	1.2317110241156075	0.0107137732010714	-0.008747146378949	0.0045290896050598	-0.0340442422999993	0.0121773455000021	0.0882065202000028	0.0131377913000012	0.1048079593000029	-0.0257253785999993	-0.0817133510000021	0.0697192166999997	0.0441770623999986	-0.0935038064000006	1
-0.0410278572911447	1.0407927740230167	0.0002350717029057	0.241835765431187	0.7940794131430406	1.5390437881172083	0.0119610963462524	-0.0094700397287962	0.0052704636460953	-0.0055002293999966	0.1010700836000032	0.1051622017000022	0.0309443588000029	0.0924828367000029	-0.027042958699998	-0.0802582690000022	0.0724665060999994	0.0392446036999971	-0.0946776644999993	1
-0.0209366992417635	1.0215508965518558	-0.0006141817877171	0.2521492132579914	0.5901315845921579	1.5434094790888755	0.0093993550104842	-0.0106733426022158	0.0050389346533509	-0.0616549338000004	0.1171398536000028	0.1329697546000028	0.0043528249000009	0.0473856967000014	-0.0283549738000012	-0.0787371281000023	0.075079604300001	0.0341829658999996	-0.0953646527000011	1
-0.0096108648206633	0.9836954640925284	0.0259153999335063	0.3543066544396806	0.6238156168263489	2.247150058302534	0.0006861466926457	-0.0061572808285326	0.0052411853573225	-0.0846054270000017	0.2449702398000049	0.0378027780000007	-0.1809689111000032	-0.1542149190000031	-0.0296611541000015	-0.0771511802000016	0.0775536723000014	0.0290088101000004	-0.0955612383000012	1
-0.0039886246256704	0.7253339203562409	0.2786545996727064	0.3514145689729839	0.5289292425407406	2.010188124105751	-0.0009546926799549	-0.0103861886466512	0.004109160437248	-0.1139386133000009	0.186585211200003	0.0128930326999997	-0.0407739097999995	0.0205638936000007	-0.0309612306000009	-0.075501730800002	0.0798841288000014	0.0237391676999993	-0.095266410500001	1
-0.0014780809346562	0.311463312954667	0.6900153210441877	0.37494437317072	0.5257832741490337	1.7951090717617977	0.0002302452134746	-0.013577588510254	0.0034957264212949	-0.0451714463999978	0.1886876344000028	0.1019983315000012	0.0258983608000024	0.0791001324000022	-0.032254935899999	-0.0737901375000018	0.0820666583000009	0.018391384599998	-0.0944816852000004	1
-0.0004541228390326	0.0162734218777209	0.984178534960792	0.3833643699163368	0.4214706648886713	1.6938352184543937	-0.0007533544446175	-0.01500789947799	0.0034230477658476	-0.0749803618999999	0.1467070660000017	0.1195267443000019	0.0264307219000014	0.0391618008000012	-0.0335420038000007	-0.0720178090000019	0.0840972192000017	0.0129830635999994	-0.0932110979000015	1
-6.645682544107662e-05	-0.1156946322674157	1.1157685671336075	0.3898131230547089	0.4094720215176277	1.4151791111225516	-0.000449018643602	-0.0172041794044829	0.0033143861233557	-0.0554124379000004	0.0965389915000008	0.1406740677000026	-0.0018676440999998	0.0904388877000021	-0.0348221695000011	-0.0701862042000017	0.0859720514000019	0.0075320069999999	-0.0914611824000021	1
5.8042651439250285e-06	-0.1446794913237561	1.144649658624281	0.3395073372327747	0.4486757933364756	1.056362116780757	-3.803378903398027e-05	-0.0158607745945931	0.0037794484863286	-0.0512005813000004	-0.0227400884000009	0.1286410398000029	0.050069646400001	0.0855608436000022	-0.0360951694000013	-0.0682968306000018	0.0876876832000016	0.0020561577999997	-0.0892409375000022	1
-3.182993694219964e-06	-0.1244215406592832	1.1244984533124749	0.2819146622923371	0.4351811116765551	0.5894361199529174	0.0022293974843792	-0.0150219595817171	0.0037624744555092	0.036567597300002	-0.0975988047000021	0.0389392906000012	0.0677854723000019	-0.0329737876	-0.0373607416000005	-0.0663512432000017	0.0892409375000013	-0.0034264595000011	-0.0865617806000016	1
4.031434884009814e-06	-0.0879677666958845	1.0877442020827142	0.3200491741956605	0.3906367312537482	0.526239702767195	0.0025230802280149	-0.0137626769037431	0.0038435575976208	0.0361463926000014	-0.0880155295000022	0.0249488003000009	0.040623846600001	-0.0300109665000001	-0.0386186257000007	-0.0643510435000014	0.0906289382000019	-0.0088977982000005	-0.0834374889000021	1
-8.486962508459873e-06	-0.0536104626285649	1.0542297850863869	0.3118340647182269	0.4245696813672154	0.5946142145904034	0.0027853783357541	-0.0156889474173501	0.0037856009129468	0.0421088757000028	-0.1109197273000028	0.0302537721000007	0.0625169496000022	0.0074004336000008	-0.0398685627999997	-0.0622978778000015	0.0918491150000014	-0.0143398485000017	-0.0798841288000013	1
2.0162325846816283e-05	-0.0288174120338264	1.0273284751198286	0.3117261081326748	0.4296831176153107	0.4569174155562288	0.0028422535320052	-0.0150235071512053	0.0036055654017218	0.0405773005000018	-0.088775655300002	0.0109087425000006	0.0573517454000015	-0.0538911659000006	-0.0411102958000002	-0.0601934360000014	0.0928992083000015	-0.0197346973000011	-0.0759199731000016	1
-4.785570973818019e-05	-0.013863491525131	1.0143144062219978	0.3111915677489494	0.4376529305331605	0.5796251946206565	0.0029442654365539	-0.0153893629385195	0.0036483867837444	0.0360582664000021	-0.0972323148000023	0.0117109491000005	0.0292387585000011	-0.0307143807	-0.0423435691000002	-0.0580394502000014	0.0937772737000014	-0.0250645864000016	-0.0715654069000012	1
0.0001101969011585	-0.0060242373364607	0.87821696373267	0.2851788733124173	0.4900611798187669	0.505956815230358	0.0079780254150139	-0.0124535690751791	0.0060335363990243	0.0337974982000012	-0.073526702300001	-0.001531337499999	-0.0177858846000002	-0.0090520805999997	-0.043568128900001	-0.0558376933000014	0.0944816852000012	-0.0303119720000013	-0.0668428233000012	1
-0.0002335097643131	-0.0023583038655061	0.4975995611250413	0.2599332913558624	0.4780349055667024	0.3125727162886651	0.0135187007008362	-0.0084590088540911	0.0071886937664228	0.0518766851000009	-0.0492127936999996	-0.0683185332999999	-0.0426636365000006	-0.0433734728000004	-0.0447837232000015	-0.0535899776000017	0.0950111383000009	-0.0354595815000013	-0.0617765075000012	1
0.0004501808099944	-0.0008047620037576	0.1278207751992133	0.2701858962794985	0.408685698450043	0.2494035847901252	0.0133386608933442	-0.0081659335424712	0.0074414833670072	0.052938219500001	-0.0283981294999989	-0.0774685630000001	-0.0184931547999995	-0.0404477320000002	-0.0459901020000015	-0.0512981531000021	0.095364652700001	-0.0404904708000016	-0.0563925126000011	1
-0.0011068971992459	-0.0001918293028464	-0.0723739739289564	0.2835620131804416	0.4326191867500885	0.2358125856487824	0.0136470479188547	-0.008110113061689	0.0076903939965574	0.0471703867000013	-0.049877088299999	-0.0878260744000003	-0.0044569840999987	-0.0325557912999999	-0.0471870168000009	-0.0489641061000022	0.0955415737000008	-0.0453880801000022	-0.0507185253000009	1
0.0334434813182187	-1.9754817605422547e-06	-0.1403543123453225	0.3007777990357551	0.4678389291650554	0.2711016418133832	0.0130308212122535	-0.0079321280997787	0.0082002411936475	0.0396231187000007	-0.0267169420999983	-0.0512108315999994	-0.0261992992999994	-0.0322908246	-0.048374221500001	-0.0465897578000022	0.0955415737000008	-0.050136288200002	-0.0447837232000009	1
0.3040218310115179	-9.387605567864808e-07	-0.1371894945959438	0.3114768008755239	0.4265028152394879	0.2045158828648772	0.0119274410599965	-0.0083146969537395	0.0083576187829108	0.0312191513000002	-0.0144589756999987	-0.0757787405000004	-0.0382570871999999	0.0203147378000007	-0.0495514717000013	-0.0441770624000019	0.0953646527000011	-0.0547194656000015	-0.0386186257000009	1
0.7145452396095915	3.5164061036605813e-07	-0.1050979434026246	0.3183728362766228	0.465366876034466	0.2450033790284417	0.0120526658303139	-0.0083967196963343	0.0078516016088921	0.0283913296000005	-0.0333714270999998	-0.0652754810000007	-0.0366827599	0.0329930739000008	-0.0507185253000008	-0.0417280058000014	0.0950111383000013	-0.0591225262000016	-0.0322549359000005	1
0.9971909787044376	-8.228546959686304e-08	-0.0682665551648967	0.3272302054642467	0.5198039247058409	0.1841769862162383	0.011695268137358	-0.0083552097573978	0.0079183525163169	0.0181650933000002	-0.0308746595999999	-0.0343655023000004	0.0170439425000007	-0.0431099077000009	-0.0518751419000002	-0.039244603700001	0.0944816852000014	-0.0633309768000014	-0.0257253786000005	1
1.120098984374519	5.86233004305797e-09	-0.0387679985553853	0.3383295098807087	0.5011110425143246	0.1214262102455253	0.0116416595346325	-0.0083541473862405	0.0081381302258201	0.0198946863000001	-0.0012075038999995	-0.0104117017000002	0.0612311127000015	-0.1186019590000025	-0.0530210836	-0.0367289002000008	0.0937772737000016	-0.0673309646000011	-0.0190635313000005	1
1.144394294880168	7.63178876438939e-09	-0.0195846411395196	0.3389610937396987	0.4543860547372845	0.0647872621694834	0.0110584936685438	-0.0085720168118199	0.0081373880802045	0.0238599523999999	0.0103943893000003	-0.0439819404000009	0.0241751934000005	-0.0751434618000019	-0.0541561147000006	-0.0341829659000007	0.0928992083000017	-0.0711093231000009	-0.0123036518000004	1
1.122280863447039	-8.419262462240714e-09	-0.0089076460949762	0.3421797532139837	0.4500421262045647	0.0001443080046726	0.0099495140985856	-0.0086309500676275	0.0075373342256545	0.0228767672	0.0175612526000004	-0.0748148665000015	-0.0116641757000001	0.0568410242000008	-0.0552800014000007	-0.0316088963000007	0.0918491150000015	-0.0746536153000012	-0.005480502	1
1.0855359541118836	1.1062441662524e-08	-0.0036622133901873	0.3624137275741499	0.6339921737078971	0.0355376816973292	0.0116908629461019	-0.009335084157634	0.0083821374505841	0.0406456644000013	-0.0225398422999996	-0.066395011500001	-0.0181975164999999	0.0290388950000005	-0.0563925125999987	-0.0290088101000004	0.0906289382000006	-0.0779521747000024	0.0013708306000007	1
1.0516774344892217	-2.4425737924316963e-08	-0.0013407912639017	0.3608820488226176	0.4071964854103525	-0.0750729998258688	0.0124716923880808	-0.0091203697822306	0.0079814277342684	0.0562727202000012	0.0561442579000008	-0.0502217844000012	-0.0135052194999998	0.0869389553000015	-0.0574934194000002	-0.0263848473000006	0.0892409375000014	-0.0809941435000017	0.0082151139000005	1
1.027567270034302	6.66750028727209e-08	-0.0004002069580454	0.3602663009226612	0.3327482673386714	-0.0267087290983079	0.0120646724004369	-0.0089811387693208	0.0081157238748383	0.0479720941000011	0.0299253628000001	-0.0039388369000006	0.0497365700000015	-0.0828336047000019	-0.0585824951000005	-0.0237391677000005	0.0876876832000019	-0.0837695089000015	0.0150171519000002	1
1.0131720216257338	-1.8689474371066858e-07	-4.965334926212604e-05	0.3602058946939205	0.3045033550129672	-0.0255666049880057	0.0112828446368783	-0.009152044233998	0.0078016136386539	0.0275846918	0.0138899136999996	-0.025995977800001	-0.0075693049000001	-0.0025207256000004	-0.0596595157000016	-0.0210739489000005	0.0859720514000021	-0.086269135100001	0.0217419657000002	1
1.0056856923013948	5.168134141022226e-07	4.474884267597284e-06	0.3662579723497584	0.2647180444602364	-0.0403118709710434	0.0112003034857297	-0.0092844484288128	0.0077894843970286	0.0161287892999999	0.0100562101999992	-0.0501282914000016	-0.0163918119000001	0.0775072455000012	-0.0607242596000018	-0.0183913846000005	0.0840972192000021	-0.0884847944000011	0.0283549738000004	1
1.0022108270853511	-1.4021813125739496e-06	-1.5818366671275098e-06	0.3756937936317832	0.4176645272253122	0.0229375072773566	0.0122396452440186	-0.0085072689390491	0.0082186100740114	0.0150253584000002	-0.0154210492000003	-0.0023997193000003	0.0181078465000005	-0.0503446567000012	-0.0617765075000005	-0.0156936827000002	0.0820666583000015	-0.0904091936000016	0.0348221695000007	1
1.0007410839834143	3.73189358576787e-06	6.505409854563018e-07	0.3624120430680059	0.3411989739976196	-0.032880515246637	0.0111815803146091	-0.008518864086776	0.0076260727377329	0.0157846205000001	-0.0068867978000004	0.0198178158999999	0.0521788200000011	-0.0993491423000022	-0.0628160431000011	-0.0129830636000003	0.0798841288000017	-0.0920359983000014	0.0411102958000006	1
1.0001788697881446	-9.743435020721458e-06	-2.628112383125015e-07	0.3579916201483544	0.4436711315231182	-0.0007423417000946	0.012169429773463	-0.0083349541246183	0.0077372121966053	0.0117397011000003	-0.0151927944000001	-0.0079728778000003	0.0223281497000005	-0.0503130702000012	-0.0638426524000006	-0.0102617584000002	0.0775536723000011	-0.093359853600002	0.0471870168000013	1
0.999974154681985	2.493132811435736e-05	1.027443030884387e-07	0.3645662022105677	0.4751698500459302	-0.0182569880833852	0.0116260121876188	-0.0088020270387159	0.00826419659426	0.0130323511000005	-0.0028465886999998	-0.0351327691000008	-0.0209447372000002	0.0853418518000016	-0.0648561241000005	-0.0075320070000002	0.0750796043000007	-0.0943764019000024	0.0530210836000018	1
1.000063900326466	-6.247710765159676e-05	-4.107198425071907e-08	0.3803471036695496	0.4964531135007073	-0.0855573642400801	0.011559836620805	-0.0092202724002442	0.0082733328547479	0.0118020363999999	0.0171655146000008	-0.0187822226000003	-0.0218817989000006	0.0596474057000009	-0.0658562496000004	-0.0047960562	0.0724665061000006	-0.0950822971000019	0.0585824951000016	1
0.9998464708671784	0.0001529928288036	2.0375449689553882e-08	0.3843345579454792	0.4943415921144958	-0.0196816753874228	0.0110124081685731	-0.008846478427014	0.0080912047245773	-9.966470000007032e-05	0.0197952310000009	0.0341220520000005	0.0478146373000008	-0.0677956859000016	-0.0668428233000002	-0.0020561577999999	0.0697192167000007	-0.0954752155000019	0.0638426524000016	1
1.0003531064218465	-0.0003529352013864	-1.9556587867941497e-08	0.3755347353559699	0.4674249265734867	-0.0429672750951282	0.0111580360471119	-0.0096153063355213	0.0082916880536342	0.0090633486999998	0.0017546459000005	0.0486493232000008	0.0261259148000001	-0.0928976881000022	-0.0678156420000007	0.0006854330000001	0.0668428233000008	-0.0955538639000016	0.0687745056000016	1
0.999242419620244	0.0007575103042672	3.49650529883011e-08	0.3880384468482138	0.3862169309216337	-0.0983048553902593	0.0109791439346701	-0.0100513521026003	0.0082497260130614	0.0043152971999993	0.0162113977000003	0.0330052016000003	0.0226267307999999	-0.0731494183000019	-0.0687745056000012	0.0034264595000001	0.0638426524000011	-0.0953179834000011	0.0733526932000014	1
1.0017434863027317	-0.0017434074694899	-7.4004221187105e-08	0.3995586410148639	0.3475881671998728	-0.0677541379885495	0.0107706000183858	-0.0092389922471021	0.0079012256285157	0.0125299509999997	0.0035550143999996	0.0004297344999994	-0.0301719744000009	0.0162220678999999	-0.0697192167000014	0.0061646659000002	0.0607242596000012	-0.0947683504000013	0.0775536723000017	1
0.954005526692125	0.0459943215040311	1.5313492663555338e-07	0.4239495262947779	0.4011116745695198	0.0120685108261771	0.0099097089142248	-0.009547892188128	0.008720328390105	0.0155007521000009	-0.0419045837000013	-0.0134853492000009	-0.0190666186	0.0200673610000002	-0.0706495810000001	0.0088977982000003	0.057493419400001	-0.0939067741000022	0.0813558400000021	1
0.659332991929765	0.3406672945859288	-2.8823737966429106e-07	0.4253997034300463	0.3426145951133029	-0.0150332407014473	0.0099095271210156	-0.0089809931556998	0.0086814915143678	0.0175752117000005	0.0017731412999992	-0.017996216600001	-0.050962364200001	0.0729124589000012	-0.0715654069000008	0.0116236070000005	0.0541561147000012	-0.0927360906000017	0.084739643900002	1
0.2523040181770514	0.747695542611681	4.40257378887484e-07	0.415083193047011	0.3282596239345131	-0.0581722802058434	0.0103786609241497	-0.0094053518654485	0.0085188290712862	0.0116737154000009	0.0199045564999996	-0.014735047500001	0.0158705364000007	0.0495438258000009	-0.0724665061000003	0.0143398485000005	0.0507185253000012	-0.091260153100002	0.0876876832000022	1
-0.014154317342493	1.0141546075286765	-2.907665270974637e-07	0.4293740682458357	0.3572745208461039	-0.0786486850040037	0.0093372401795696	-0.0099020509014254	0.0080251820690383	-0.0068406995000007	0.0213645268000002	0.0413958923000005	0.0204005339999998	-0.0609993959000016	-0.0733526932000008	0.0170442873000008	0.0471870168000015	-0.0894838202000009	0.0901847978000013	1
-0.125460939649615	1.1254624953092216	-1.5553702125503587e-06	0.4364198760728193	0.377827156321544	-0.1513154719744055	0.0079554318076346	-0.0094402046212996	0.0072173865857318	-0.0093433410000009	0.0331121352000005	-0.0028930548000001	-0.0162711134000009	0.0522766181000006	-0.0742237856000008	0.019734697300001	0.0435681289000013	-0.0874129386000009	0.0922181468000014	1
-0.1436952902054691	1.143685108996509	1.018072346219146e-05	0.4504389636119449	0.3933229127275269	-0.1240955252233877	0.007863304041377	-0.0094098276655526	0.0081673880739355	0.0043455086999995	0.0270554847000002	-0.0098572445000003	-0.0481390349000015	0.0777164122000012	-0.0750796043000006	0.0224088640000011	0.0398685628000011	-0.085054325200001	0.0937772737000016	1
-0.1191909692481282	1.1192334361775205	-4.246539189035303e-05	0.4410493056302443	0.4168741546399986	-0.1039466175785355	0.0079011061744612	-0.0104342276439088	0.0077996341670267	0.004136574	0.0133229191	-0.0262817234000007	-0.0461060861000012	0.113496686800002	-0.0759199731000002	0.0250645864000011	0.0360951694000008	-0.0824157435000015	0.094854161000002	1
-0.0821587768893142	1.0820046720900431	0.0001540992897074	0.4543209227912692	0.3874544003878952	-0.1074041442578762	0.008099359164499	-0.0109321468682166	0.007758703072726	0.0172998702000004	0.0161711521999999	-0.0126330761000006	-0.037065426200001	0.0820964351000014	-0.0767447190000001	0.0276996788000012	0.0322549359000009	-0.0795058789000013	0.0954432708000019	1
-0.0490410477489352	1.0495272283022663	-0.0004861624287372	0.4917605023379269	0.4284489796816617	-0.0843383594225656	0.0070945925884473	-0.0115153019681656	0.0081088046718755	0.0121648964000008	9.927699999966636e-05	0.0134037812999997	0.0358956675000008	-0.0192173629000006	-0.0775536722999987	0.0303119720000015	0.0283549738000008	-0.0763343096000015	0.0955415737000018	1
-0.0258860174221747	1.024720525417893	0.0011654352072154	0.518677276573117	0.3936505064372964	0.0050035384302246	0.0067315016924207	-0.0118132438880756	0.0087337713516058	0.0072747797999999	-0.0126407743000008	0.0327331573000001	-0.0049991808000005	-0.0905597714000023	-0.0783466666999993	0.0328993162000017	0.0244025048000013	-0.0729114752000005	0.0951485642000012	1
-0.0122519128461572	1.0079729108624318	0.0042791725034086	0.5164126459316822	0.3773058232637531	-0.0223614118683231	0.0069418735679041	-0.0118485057878142	0.0086836369048143	-0.0020730127000002	-0.013333802400001	-0.026927844200001	-0.036653595400001	0.0330296580000002	-0.0791235387999996	0.0354595815000017	0.0204048480000012	-0.0692486424000006	0.0942662634000013	1
-0.0052410195829184	0.831634887405617	0.1736056357598421	0.5189307681615549	0.3552019563042698	-0.0651946240835797	0.007504723126688	-0.0122863936405549	0.0087461677685239	0.0112914462999997	0.0076088041999992	-0.0237350991000009	-0.067132144100002	0.0933134877000013	-0.0798841288000001	0.0379906609000017	0.0163694060000011	-0.0653578680000003	0.0928992083000012	1
-0.0020150787044136	0.4314518031323928	0.5705646833539824	0.5363217516483892	0.411142992082631	-0.0423348597146201	0.0076766521094364	-0.0120061247478075	0.0092686640374147	0.0156588106000006	-0.0017900289000008	-0.0267166480000008	-0.0192728152000008	0.0558982533000008	-0.080628280299999	0.0404904708000019	0.0123036518000005	-0.0612519591000009	0.0910544289000015	1
-0.0006670734524711	0.0852552412040166	0.915407928657767	0.4973612305391149	0.317085885851312	-0.0404366594290962	0.0072254371005791	-0.0102699600531019	0.008869566638763	0.0198846953	0.0336551711999997	0.0011716376999998	0.0068524217999991	-0.0483610745000013	-0.0813558400000007	0.0429569540000018	0.0082151139000005	-0.0569444308000002	0.0887414118000013	1
-0.0001402321154676	-0.0900291007742839	1.0901799366623537	0.4637150593134734	0.3395807203905428	-0.1039985684382345	0.0076988773369693	-0.009749007799212	0.0083064310379791	0.0108033549000003	0.0171079409999996	-0.0212754427000005	0.0607431737000004	-0.0180831228000005	-0.0820666583000006	0.0453880801000017	0.0041113636	-0.0524494619000008	0.0859720514000016	1
3.635998485665441e-06	-0.1432162503623712	1.143184361642082	0.50316808122159	0.3861401823196358	-0.0970549491475686	0.007357445539801	-0.0102333833619707	0.0092876582793562	0.0315406832000003	0.0301944607	-0.0129994527	0.0011756419999988	-0.0047137041000004	-0.0827605889000002	0.047781848300002	-6.41079612742231e-17	-0.0477818483000003	0.0827605889000013	1
-1.8883617072239611e-06	-0.1333066913444953	1.1333824953206415	0.4895843164766534	0.3927395907464158	-0.0993338455587805	0.0070313713638904	-0.010377393883569	0.008862446189488	0.0134676767000003	0.0079332620999997	-0.0149720342000002	0.0787220648000007	-0.0779305054000018	-0.0834374889	0.0501362882000021	-0.0041113636000001	-0.0429569540000005	0.0791235388000012	1
7.122584274432712e-07	-0.0992203276869789	1.099029948014703	0.5641973062207366	0.47662187965851	0.0081429026122287	0.0093346873948763	-0.0127463572028963	0.0093316819437031	0.0144393422999996	0.0232948990000001	-0.0142894470999999	0.0128434664999988	-0.1001226196000025	-0.0840972191999989	0.0524494619000026	-0.0082151138999999	-0.0379906608999997	0.0750796043000006	1
-2.376171970097672e-07	-0.0630166744426782	1.0634789564547944	0.5439554738450052	0.4360150972764672	-0.0401327965746875	0.0088318274496142	-0.0114304855235644	0.0088805562297809	0.0131127153000005	-0.0026853877000007	-0.0661483958000012	0.0253654814999998	0.0416376415000005	-0.0847396438999989	0.0547194656000024	-0.0123036518000001	-0.0328993162000004	0.070649581000001	1
7.199591389889158e-08	-0.0351023710116604	1.0340559669766574	0.5456510432738518	0.3850884110128303	-0.1272709858359836	0.0075884539470779	-0.0122073119619293	0.0086758722984167	0.0509870292	0.085610995800001	-0.0567162759000008	-0.0557409873000026	0.0798425213000009	-0.0853646308	0.0569444308000025	-0.0163694060000001	-0.0276996787999994	0.0658562496000006	1
-2.0012360099687777e-08	-0.0174321929744818	1.0196425412800492	0.5148000617497549	0.4085232856653956	-0.0936797167079166	0.0082466763101159	-0.0123131296734314	0.0083868250182249	0.0011991712000004	0.0178663186999997	-0.097410637800002	0.0998444149000016	0.0240659892000002	-0.0859720513999991	0.0591225262000022	-0.0204048480000004	-0.0224088640000004	0.0607242596000009	1
4.014484844823213e-09	-0.0078271576828122	0.9468506442008316	0.5149945922977403	0.5876261104515103	0.9785325486565692	0.0119473675893017	-0.0235810695412365	0.0105693848499315	-0.1489977375000032	-0.0613606188000012	0.1004257101000022	0.0320551335999994	-0.0119720447000004	-0.0865617806000005	0.0612519591000019	-0.0244025048000005	-0.0170442872999999	0.0552800014000007	1
2.975864441351834e-09	-0.0030515193396995	0.6248571889819315	0.5430608792624299	0.4034116411323777	0.7980541364830136	0.0129785311715092	-0.0182386770043154	0.0097916956900872	-0.1264960045000006	-0.1449873654000038	0.1177452067000015	0.1764157983000043	0.031621961900001	-0.0871336970999991	0.0633309768000015	-0.0283549737999998	-0.0116236070000008	0.0495514717000004	1
-1.4217793230472102e-08	-0.0015083807472987	0.2216744131001699	0.3924384288039125	0.4492605982065076	0.6871988129894174	0.0145497118260817	-0.0144208025024147	0.008348377905552	-0.0994339187000028	-0.1038460005000008	0.1167806539000031	0.0220158169999998	0.0346708373000009	-0.0876876832000033	0.0653578680000007	-0.032254935900001	-0.0061646658999999	0.0435681289000004	1
4.81870757965357e-08	0.0005764490546848	-0.0294986317096504	0.4542754462870707	0.3543437231089242	0.9056385021054862	0.0079235608612858	-0.010583161637268	0.0073998160395746	-0.0710855785999991	-0.0837155742000015	0.1032062234000016	0.1176141100000043	0.0358572449000016	-0.0882236248000008	0.0673309646000005	-0.036095169400001	-0.0006854330000018	0.0373607416000012	1
-1.5311167175592097e-07	0.0073703817184179	-0.1300255060721001	0.5686050456381221	0.6260429580608078	2.475814474111543	0.0077915502059592	-0.0097630585509453	0.0088374966014663	-0.3758299710000075	0.109044376500003	-0.103483714500002	0.008247912000001	-0.0810876846000013	-0.0887414118000018	0.0692486424000009	-0.0398685628000011	0.0047960561999996	0.0309612306000007	1
4.6598131229830244e-07	0.1946736011020501	-0.1426462231786264	0.54689248772553	0.2796258983943676	3.024141853072225	0.0074220396388965	-0.0089501840035833	0.0078685617320404	-0.1046438658999964	-0.0414508923000039	-0.0895976360000045	-0.2749504773000019	-0.1523999914000019	-0.0892409375000011	0.071109323100001	-0.0435681289000003	0.0102617583999964	0.0244025048000035	1
-1.3709916757024267e-06	0.5974934362905221	-0.1160025185811811	0.518145212784561	0.2835912637203357	2.594149995461577	0.0067234335398654	-0.0077602811917279	0.00803438044702	-0.1250178267999988	0.1596575673000004	-0.029664526700003	-0.1406093278000003	-0.0978153417000014	-0.0897220992000019	0.0729114752000013	-0.0471870168000003	0.0156936826999981	0.0177182917000026	1
3.9236081861666815e-06	0.9318097224796448	-0.0788214148713573	0.5060359066463755	0.386976128205232	2.20573910275138	0.0084892309578546	-0.010154929214443	0.0074429974087055	-0.0533962498999983	0.1877061532000016	0.0653657772999992	-0.1288024571000011	-0.158391372200003	-0.0901847978000011	0.0746536153000019	-0.0507185253000004	0.021073948899999	0.010942964200002	1
-1.0943591801893466e-05	1.09663768923716	-0.0464908280090309	0.4626346263310376	0.4956406474284439	2.025322459994624	0.0101840954147753	-0.0118080835339246	0.0071021109517546	-0.2214366904000038	0.2005186967000029	0.0942526081000005	0.0392017466000011	0.0533194073000009	-0.0906289382000025	0.0763343096000017	-0.0541561147000005	0.0263848473000005	0.0041113636000006	1
2.989383533408449e-05	1.143918874197948	-0.0242847061417934	0.4055048598060728	0.4097388269247361	0.932061183803508	0.0129050728800621	-0.010435177156803	0.0050341979815952	-0.0405029261000001	-0.0778034756000027	0.0545176976000002	-0.0026295877999999	0.0525506743000011	-0.0910544289000019	0.0779521747000021	-0.0574934194000002	0.0316088963000007	-0.0027413792	1
-8.016954970191228e-05	1.1315944742678354	-0.0113862867472338	0.4009277519437688	0.4985742114815534	0.7348792233547056	0.012383605621467	-0.0099533446909136	0.0057020206332281	-0.0216167379	-0.0692031666000018	-0.029205880600001	-0.0093559967000001	0.0429498871000008	-0.0914611824000012	0.0795058789000023	-0.0607242596000007	0.0367289002000006	-0.0095800247	1
0.0002113012111441	1.0965484929387233	-0.004826275867958	0.3988449853720646	0.5940092723521678	0.8441405886986025	0.0110477268430984	-0.0095354045305815	0.0059050179202192	-0.0192017749000001	-0.0738853762000012	0.0715378182000014	-0.0118336959000004	0.0196696709000004	-0.0918491150000012	0.0809941435000023	-0.0638426524000012	0.0417280058000007	-0.0163694060000003	1
-0.0005300743493282	1.061422232639453	-0.001835594451749	0.4095790301001901	0.5499199203918866	0.92280926047324	0.0120387133737536	-0.0108634531930309	0.0055222820206847	-0.0071197171999985	-0.0713739156000017	0.0698077850000008	0.0388921568000015	0.037048610100001	-0.0922181468000002	0.0824157435000022	-0.0668428233000012	0.0465897577999999	-0.0230746093999999	1
0.0012269930570222	1.032427354621532	-0.0005956409604661	0.409351114159918	0.5514403655098908	0.985655687314771	0.0117028911039276	-0.0094560752733538	0.005974201558641	0.0183314378000017	-0.037209955800001	0.0899885791000013	-0.0063063157999996	0.0241056072000007	-0.0925682019000005	0.0837695089000023	-0.0697192167000013	0.0512981531000002	-0.0296611541	1
-0.0023496938181768	1.0189464605763108	-0.0001143641821656	0.4034770810393266	0.5573467455969597	1.017112837719491	0.0119418791243552	-0.0095282133854095	0.0059192728367086	0.0142873205000016	-0.0205384048000006	0.0534247536000006	-0.0151212940999996	0.0609615334000015	-0.0928992083000006	0.0850543252000023	-0.0724665061000015	0.0558376933000001	-0.0360951694	1
0.0731784484816095	0.93420329692697	5.136479412894862e-06	0.4210300373597989	0.5250033401750612	1.1230878587305528	0.0127599729422489	-0.0096813028931325	0.0059311777229316	0.0239011690000024	0.0067462702999994	0.0840220140000009	0.003877718400001	0.0669644218000016	-0.0932110979000002	0.0862691351000023	-0.0750796043000014	0.0601934359999999	-0.0423435691	1
0.4056189155431878	0.5973465813009297	-2.1138647002176206e-06	0.4080558820556919	0.4685204939804626	1.1272047208421403	0.0125858400006019	-0.0104810607329206	0.0057423692084973	0.0240128561000024	0.0030503954999991	0.0632996728000002	0.0150801423000015	0.0716022937000017	-0.0935038064000007	0.087412938600002	-0.0775536723000015	0.0643510435	-0.0483742215	1
0.801281834790366	0.199767864277828	8.084509582265126e-07	0.4116062168403548	0.4921376888875807	1.1223382932295862	0.0123079951596648	-0.0109204727502687	0.0058131307358011	0.0321355331000025	0.0080949180999993	0.0563614431	0.0126878444000014	0.0613170613000014	-0.0937772737000006	0.088484794400002	-0.0798841288000018	0.0682968306000001	-0.0541561147	1
1.0402754333073805	-0.0399848955766068	-2.872984753021032e-07	0.422580721727983	0.4892824733621235	1.1461058629150755	0.0131672239046952	-0.0103011018106105	0.0057932483990619	0.007565480100001	0.0237536884999997	0.0686774156000004	0.018151111000001	0.0471766067000009	-0.0940314435000012	0.089483820200002	-0.0820666583000016	0.072017809000001	-0.0596595157000006	1
1.1329094609332573	-0.1328969970954663	9.588819130900325e-08	0.4366638083295708	0.5079972580599869	1.1083419416642892	0.014047993948807	-0.0103150846600226	0.0062184639362114	0.025066657800001	0.0278735049999999	0.0660404149000005	-0.0108401056999998	0.015736447	-0.0942662634000011	0.0904091936000022	-0.0840972192000016	0.0755017308000014	-0.064856124100001	1
1.1417194721931774	-0.1417089702217413	-3.0755449956485546e-08	0.4075049830735372	0.5277282639570445	0.8413920147346472	0.0127958897989209	-0.0092732634455062	0.006072242254887	0.0444002876000008	-0.0061430702000001	-0.0220653760000008	-0.0140452978000002	-0.0495113137000013	-0.0944816852000013	0.0912601531000023	-0.0859720514000018	0.0787371281000017	-0.0697192167000013	1
1.113663042508052	-0.1136759185180193	9.346969119677966e-09	0.3818069244955924	0.518688261167384	0.8052195953184579	0.0115156824660851	-0.008445351031445	0.0058354585192849	0.0324692471000001	-0.0113948655000002	-0.0247191653000006	-0.0304271272000008	0.0290295599000002	-0.0946776645000023	0.0920359983000021	-0.0876876832000019	0.081713351000002	-0.0742237856000014	1
1.0764483502008146	-0.07646813936578	-2.6048466707004503e-09	0.3971521429466664	0.5739284122133492	0.8604768844574084	0.0110539409527385	-0.0091831877941086	0.0057480828878964	0.0567041027000014	-0.0258174299000004	-0.0013622645000002	-0.0345766255000004	0.0407996492000007	-0.0948541610000012	0.0927360906000022	-0.0892409375000022	0.0844206031000013	-0.0783466667000011	1
1.0449030045515022	-0.0447265261694804	6.146671063060005e-10	0.3992380809141738	0.5579413754860387	0.906236351129034	0.0122356401031611	-0.0094948046721159	0.0060994899746649	0.0456457605000015	-0.0046567416000001	0.0098434178999997	0.0208059379000009	0.0096474269000001	-0.0950111383000009	0.0933598536000022	-0.0906289382000022	0.0868499729000012	-0.0820666583000012	1
1.022803384629282	-0.0231910594677974	-8.794073145824181e-11	0.4120663235734559	0.5792060253085657	1.0460360308488073	0.0130757844434173	-0.010191160219706	0.0059705658965963	0.0441420715000021	0.0144172591000001	0.0290273424999999	0.0325954858000015	0.0160803178000003	-0.0951485642000002	0.0939067741000023	-0.0918491150000023	0.0889934638000008	-0.085364630800001	1
0.9976160267974868	-0.0108009457714036	-2.2053356846955382e-11	0.4170121094856975	0.508226943399279	0.9235989574933212	0.0116649383027011	-0.0104943321659426	0.0061411242479483	0.0569220677000013	-0.0056596653000004	-0.0048697850000005	-0.0314883925000003	0.0176855314000001	-0.0952664105000013	0.0943764019000023	-0.0928992083000018	0.0908440203000019	-0.0882236248000017	1
0.7785103036271709	-0.0045478614100755	2.9145119353192484e-11	0.4029405994238298	0.438281542042744	0.7192008253701759	0.0108805458517431	-0.0087212054952761	0.00574125350669	0.0654359555000014	-0.039794973700001	-0.0508744937000012	-0.0008172193999995	0.0008344519999999	-0.0953646527000017	0.0947683504000021	-0.0937772737000017	0.0923955510000019	-0.0906289382000021	1
0.3672291770236319	-0.0017160256869807	-1.8779372596251045e-11	0.3741608201453206	0.3946091081974427	0.4142788096306827	0.0099383662191579	-0.0075450203389065	0.005695243861789	0.0827505569000016	-0.0033483096999993	-0.1612976560000028	0.0568134156000019	-0.0792268115000015	-0.0954432708000016	0.0950822971000017	-0.0944816852000022	0.0936429488000015	-0.0925682019000021	1
0.0472807208478211	-0.0005478404745437	1.0139771562173194e-11	0.393442548597974	0.4836990529575623	0.4737441323303339	0.0104895796019905	-0.0079788631322302	0.0062961604295464	0.1009424147000025	-0.0152273656999987	-0.1362591628000019	0.0390126111000019	-0.0901989476000014	-0.0955022485000005	0.0953179834000017	-0.0950111383000028	0.0945821078000008	-0.0940314435000019	1
-0.1050921834524655	-9.827947622445811e-05	-5.575049834716816e-12	0.3683848327700038	0.4764945841274804	0.5821830001145359	0.010438778730353	-0.0080268941175674	0.0059371877671045	0.1030741641000024	-0.0178720437999985	-0.111104001900001	-0.0065643718999991	-0.0657510892000008	-0.0955415737000015	0.0954752155000015	-0.095364652700003	0.0952099364000007	-0.0950111383000018	1
-0.1438204726356656	7.689372409860483e-06	5.6073473235261346e-12	0.356161045453347	0.4300336087698047	0.5482705868549075	0.0092926143660924	-0.0077368472102932	0.0053711633272179	0.0963686057000022	-0.0180632583999986	-0.1192942389000013	0.0227362967000015	-0.078998061500001	-0.0955612383000019	0.0955538639000012	-0.095541573700003	0.0955243683000007	-0.0955022485000018	1
